\033[38;2;253;197;218m                                    00
                                 00000000
                                0000000000
   000               0000000000  00000000
    x\033[38;2;250;130;181m@@@\033[38;2;253;197;218mxxx00      0000000000000  000000     000000000
    x\033[38;2;250;130;181m@@@@@\033[38;2;253;197;218mx00000    00000000000000      000000\033[38;2;250;130;181mxx@@@@\033[38;2;253;197;218m0
    0\033[38;2;250;130;181m@@@@@\033[38;2;253;197;218mx000000    0000000000000000000000000\033[38;2;250;130;181mx@@@@\033[38;2;253;197;218m0
     0\033[38;2;250;130;181m@@@@\033[38;2;253;197;218mx00000000              000000000000\033[38;2;250;130;181mx@@@@\033[38;2;253;197;218m0
      0x\033[38;2;250;130;181m@\033[38;2;253;197;218mx000000000                 000000000x\033[38;2;250;130;181m@@@\033[38;2;253;197;218m0
      00000000000                    00000000xxx0
         00\033[38;2;56;27;10m0@@\033[38;2;253;197;218m000                     00\033[38;2;56;27;10mx@x\033[38;2;253;197;218m0000
  0000000  0\033[38;2;56;27;10m@*)\033[38;2;253;197;218m(@                    0\033[38;2;56;27;10m&((\033[38;2;253;197;218m&0
 000000000  000\033[38;2;56;27;10m@&)\033[38;2;253;197;218m*0               \033[38;2;56;27;10m&)(\033[38;2;253;197;218m@0
 00000000  00\033[38;2;56;27;10m@*(*\033[38;2;253;197;218m@0  \033[38;2;56;27;10m@0      0@   x&(*\033[38;2;253;197;218m&x00000
  000000000\033[38;2;226;156;161mx\033[38;2;56;27;10m*)(\033[38;2;226;156;161m&0\033[38;2;253;197;218m      \033[38;2;56;27;10m*) * x)(       @*((\033[38;2;226;156;161m@xxx\033[38;2;253;197;218m
       0\033[38;2;226;156;161mxxxxxxxxx\033[38;2;253;197;218m0     \033[38;2;56;27;10m0&*&@*&0     \033[38;2;226;156;161m0xxxxxxxxxx\033[38;2;253;197;218m
         00\033[38;2;226;156;161mxxxxx\033[38;2;253;197;218m0000               0000\033[38;2;226;156;161mxxxxx\033[38;2;253;197;218m00
           000000000           000000000000
            0000000    0000000000000
            @x000    000000000000  000000
            \033[38;2;250;130;181m@@0\033[38;2;253;197;218m      000000000000  000000000
           \033[38;2;250;130;181m0@@\033[38;2;253;197;218m          000000     000000000
\033[38;2;250;130;181m0@@@@0    0@@0\033[38;2;253;197;218m                      0000000
\033[38;2;250;130;181m@@       0@@0
\033[38;2;250;130;181mx@00  00x@x0
 \033[38;2;250;130;181m0xx@@xx00
